007407
000242
001783
000096
000353
000229
002133
008391
000646
003440
003481
002330
000006
000147
000293
004725
002347
001291
000245
003564
004431
007795
006019
003196
005843
000181
001593
000935
000150
008701
005047
000483
001393
001104
007016
002891
002559
007028
005696
006889
005602
002838
005718
004172
002592
001306
008149
008204
007957
001336
003241
001751
000475
005692
001086
005794
006297
005283
000388
000865
006618
000624
003505
001100
000415
007134
000525
008543
000838
000056
001218
007740
008185
000109
001142
000235
006236
002351
000562
001008
005859
004483
000354
001277
000928
008206
006098
006881
002997
000719
008838
004149
008394
003768
000134
003209
000319
009127
004234
000143
008412
005606
003062
000703
001209
000498
004538
006335
008932
009027
002504
005400
002655
006242
000052
003206
008634
006196
007746
004787
000331
005917
001705
001577
006592
003802
008189
002366
002158
003628
000817
000246
008619
008243
000876
006091
000811
003563
009046
007982
000064
000108
002378
000696
003809
007998
007090
004463
009264
008729
000349
005613
000080
005669
000042
005337
004951
008497
000315
008968
005816
007689
003367
004536
008573
001272
000227
002458
004190
006605
003623
008441
001293
004667
005106
000420
001856
003075
004369
001137
006462
002879
009283
006908
000925
004245
001428
009156
006910
005051
005659
005344
006700
001255
000586
002094
000987
006892
001688
000897
006357
008533
004811
000583
002698
003914
002594
003425
002406
000173
002407
005116
006312
000192
004944
001279
001059
004942
004069
002532
007248
007728
000306
006202
004042
005343
000365
006360
001672
004335
008823
004287
008385
009174
006887
003796
007923
002534
000244
009031
001261
003632
001866
005907
004250
001456
008888
005609
001385
003554
003049
002697
006655
008616
009205
000533
007865
008083
001669
005939
000434
000797
001644
000679
005407
001320
003253
000259
008717
005837
004669
000526
004252
000953
006302
001014
006625
000231
008905
005778
003164
008881
003020
001267
001242
000619
000218
002591
003438
006813
008205
007723
007745
001129
007804
007883
001187
002894
002795
000612
001025
005388
008630
000014
002597
001617
000918
000992
005641
000567
007037
008972
001330
006361
001168
005405
007688
000894
003011
000949
007093
000616
002836
001507
008562
004064
000358
006880
007031
002159
000151
005648
000639
005698
006877
004786
001102
006464
003546
001668
007983
005701
000808
001109
002370
006929
005363
001874
003537
001182
004994
005336
001010
006345
005685
002747
001026
002817
000196
008079
001478
000930
003221
001695
000777
001356
004991
003054
000563
003421
008451
000036
003754
003645
008000
003004
006067
007191
002979
008633
006222
009277
000471
002677
003363
003082
002531
008805
000492
000332
000459
001622
001766
001459
000527
000188
008618
001177
006879
002545
001146
000309
002958
008981
000693
004920
004869
008547
001657
001036
008827
001002
001312
006208
007243
000463
003072
002792
000780
007955
004467
006313
001183
008709
000352
008129
001682
006681
005887
004358
000611
000038
008414
002876
002673
007913
008822
000468
006309
009121
005699
000541
006447
002478
006218
000072
002382
001260
008114
007926
001302
003594
002672
008992
000823
002349
001484
000515
006898
000716
006984
009028
000776
006358
008395
000755
008458
006062
005748
005861
003194
005873
003050
003625
002712
008500
000726
004865
003486
006611
000368
006593
000494
001224
002523
000114
009239
007667
005425
002878
003714
001158
000209
008405
000516
008983
007300
000346
004958
001211
001135
008238
001522
008609
003064
005370
000409
006102
009030
001358
000795
001854
001476
002408
004723
000535
008210
000367
001674
008659
003792
000219
009285
004731
002693
008971
008252
006237
002835
002676
006776
003909
008130
001266
000571
000133
007696
005595
000700
006893
007143
000941
001037
000580
006701
009276
000621
000661
005329
000211
005146
006467
007872
002599
004296
001038
002675
000783
007089
003756
003366
000341
000247
001074
005687
005313
001431
006198
003579
003510
002200
000473
000119
009199
007365
006068
005282
004767
005152
005750
008195
007393
001486
001451
005836
002791
005322
005888
003191
002186
005986
001310
000620
001112
005399
001321
000287
005788
001658
004813
006089
000166
006211
001391
001660
000901
008071
000291
006346
001091
002959
006126
003646
001024
008963
003748
001599
001115
009058
000356
002084
000524
001198
002969
004992
000361
008392
007694
008373
006352
003649
006258
001625
004270
002438
002470
008283
005153
000678
000177
008691
003627
000704
000978
001413
001140
000615
008929
004988
005912
008754
001366
006027
005946
003797
001632
006416
007394
000336
000532
000272
000931
006305
007535
006454
000252
006894
003229
004269
000951
000952
008313
007336
002906
000335
005049
007197
000900
000756
004692
000974
000391
000282
000518
004141
007381
008080
000613
000029
000375
001027
006878
000393
000444
001219
000251
000958
007521
004233
007665
001862
000021
004356
006308
008706
003608
000015
004710
004732
005850
001643
006212
008784
008753
006017
000819
002887
003581
005137
000398
001748
006446
005278
007722
006064
004550
005855
005114
008498
002107
000581
002081
004058
001292
005156
000560
000786
004722
002095
001623
004523
009272
005548
000027
007146
001457
002544
000189
000440
000845
002663
001143
004432
000241
004693
006876
007531
000861
001161
001665
002892
000839
003540
006626
006457
002403
002363
000298
002182
004818
001869
009183
004477
006040
001390
000460
001333
004691
006099
001331
007410
003012
004770
003145
008936
009332
008897
007024
002415
002538
005147
001386
005690
000689
002373
005987
002733
001322
008212
000578
007088
004292
008959
006413
002175
004867
008593
006333
001172
003771
000511
006332
006065
001450
004334
003764
009101
008021
007389
005521
005657
000053
003738
005667
001054
004987
001298
000717
007078
004054
006433
005628
003635
004908
008554
001439
003437
001296
003631
001001
004162
001167
005122
005901
001671
003364
003907
000310
003031
000149
006262
003407
001634
008978
001028
008624
000221
002964
004880
001281
001152
001053
003731
001624
009063
000348
002011
005656
002187
000100
000421
007130
007721
001286
009131
007530
006685
006255
008475
006780
006928
003928
003941
001641
000476
006260
006254
009096
005914
005293
007705
000766
003368
001181
002473
004901
002509
001197
006472
002090
001106
000519
007438
008628
001806
006642
005279
005138
000489
007708
008288
000470
000374
004429
000752
001039
000152
008901
005918
000836
002689
008553
001113
001505
005920
007190
003471
007473
001232
005111
005544
006193
005277
003580
006370
004554
002098
005660
001217
005526
006885
005941
002699
008957
001058
000582
003362
006608
007039
005614
000164
006436
000554
007749
005392
002804
005776
001864
000558
002716
000437
006221
000342
001455
008350
000843
000496
002839
001708
004665
000472
006450
005844
006354
008582
008728
007087
004797
000860
007085
000909
000236
008467
003250
006886
000713
001365
001687
008023
000338
005608
000333
006061
001141
001208
003780
000062
004168
002019
001007
003814
000466
006216
004979
000320
000376
009126
008980
004481
006748
007029
007791
005637
000043
000204
001452
005665
003604
001707
004430
001309
005700
008711
008641
002729
005869
000186
009130
002369
005911
008319
006915
000587
003643
001083
007203
001678
004140
006688
000521
001863
000116
003636
003398
004440
004282
006914
001506
000505
008449
001263
001262
005112
003441
002694
000544
001203
006687
000111
004769
003765
000271
007762
001382
006226
002188
004049
000885
007395
001145
000849
003788
000017
007806
001367
002803
008549
002656
000394
001289
006128
007454
007710
005818
003278
001872
002510
004851
000568
000555
000142
000977
004171
001282
009298
006963
001122
007400
003070
000788
007411
008077
004719
005091
001132
008716
009198
001352
000118
004266
002304
000050
006594
001693
007144
000097
001720
006870
000262
005236
000957
008813
007403
007271
005263
002298
004195
000104
000877
005150
000345
000446
005961
000556
005908
005120
002156
002353
006215
001886
003929
007194
005603
003065
005649
001134
000561
007663
005852
000269
005316
005983
002201
004500
007056
008251
001475
003040
006063
007619
001068
002301
008316
001647
004051
008649
001230
008255
001649
004154
006809
001101
004248
002172
000226
001265
005847
006070
005919
003620
002674
008705
005498
000397
000002
002317
008848
001855
000959
002333
004169
001148
006348
000537
001278
003810
002701
007930
001753
000456
001488
000337
009275
000967
007854
006440
005321
001249
002590
002130
006628
002691
001670
002724
000770
000842
007881
000395
004068
002547
001325
001328
006779
002888
006347
001480
001662
007076
002444
001118
000414
000258
004713
001163
005593
002664
006028
002171
004866
005157
000701
004817
005697
005048
007077
000921
006468
002966
000300
003359
001410
006001
001509
002203
006200
004355
007637
006111
005915
002972
002471
007999
000852
000970
006607
002998
002380
002085
002897
008546
007423
000427
007242
000642
002863
002474
006897
000929
005514
009116
000899
000357
000517
008214
003426
005638
001157
006090
005965
005547
005262
000005
005420
004555
004810
000117
002522
000128
000175
000249
000363
009262
004456
009236
000010
003650
002439
007335
005314
003275
009238
008448
006047
001270
004852
003952
000758
004789
005751
001207
001080
000079
006438
006059
000030
002748
006616
000538
007810
007701
000093
002518
001153
002728
006049
000303
001430
009317
000215
000898
008989
004392
006888
008183
000932
001380
008528
000366
008042
002519
003442
004695
000078
007800
001692
000112
005775
006349
003076
004745
001155
001654
005846
001124
002521
001127
001329
006759
004267
003432
000284
000791
000412
004919
000330
005549
006039
003044
004696
005298
002735
004943
006444
006643
002855
008372
004170
000464
003074
008632
002088
007564
006110
003950
005155
007725
002086
005417
001626
009175
001454
006025
000850
004442
008117
007712
005615
008987
001254
005670
003757
004056
002540
000772
006620
008743
000732
001653
000439
007570
008493
005652
002346
007020
001754
000975
007720
002685
007793
004176
001162
007247
002524
008927
004766
001749
008933
006455
008544
000225
006901
002092
000986
000193
004167
009169
000512
001877
000827
001389
001712
006364
005360
003005
002087
000738
000371
008148
004843
001072
002443
004928
001408
000662
006615
000711
002012
001035
008646
000122
000734
005296
006362
009233
000543
000106
004284
001379
009261
009088
001194
005780
008292
004726
001875
000237
000720
003478
006906
000462
005886
003577
006224
008777
004526
003401
002376
001170
008660
005422
006213
008442
001477
004151
003593
001057
007532
001016
005955
005930
008322
005851
007131
007215
002475
001234
003033
008937
001351
000804
000588
008988
009287
001253
005572
000131
001206
006435
009191
007666
005966
004815
004878
005115
006289
004537
005515
006253
004379
003071
005237
005284
002687
001311
001233
004711
004517
008890
007270
001060
003949
006101
006621
009281
000828
004163
007412
007760
000718
008474
005359
007668
007302
000168
003619
005378
002690
001052
001711
001884
008635
001349
008829
008962
001071
008977
004204
001131
007498
008759
000264
004716
003217
005119
003473
006909
000428
008483
005938
006097
000011
000441
007064
008456
000565
003431
006003
000617
003409
002586
006016
001677
008662
001212
000314
007657
001307
003644
009059
006683
001013
006365
008072
000127
009045
008545
000873
006610
004785
003800
002692
004257
001231
000194
002793
001592
006463
000004
009089
000392
009265
005597
004887
002995
000948
000469
003402
000514
001280
000773
006240
006041
001081
002434
001868
000248
000243
000125
004286
001154
001077
007984
002896
006311
000153
000796
005393
008001
008925
009090
006913
009170
000835
000089
002563
000998
008854
000644
001769
003349
006359
001387
001651
000643
004768
008767
008704
000826
007408
007196
000077
005523
001400
002381
007337
008555
004531
006872
000223
007478
006614
003618
002313
000384
007864
003313
003730
000129
008347
004850
005312
005932
004050
007038
002097
001489
008608
005510
008939
000573
003624
000203
004174
001147
003312
001667
000956
009327
004393
005712
005292
001165
000155
000344
005979
000296
002561
002336
006919
000408
006219
006046
006243
006465
001659
009032
007700
000641
001568
001414
000547
009124
007743
008399
007097
000411
000032
000054
000094
000230
001044
005052
005398
004333
003192
001082
008466
001108
000110
000217
004715
000484
006351
000923
002952
008228
005906
003812
005916
006458
000863
007996
008926
008259
003908
006195
006290
002409
000304
008552
003290
000536
008282
002549
000347
000862
008260
000461
000747
001128
001018
006092
007018
002354
007095
001497
007440
001870
001338
000297
002688
001020
000429
000687
005550
002170
004950
002581
006474
000452
008090
008460
000837
002871
004187
000574
008494
005832
000156
009115
000019
001116
001597
001598
001447
007463
008970
000983
005942
003429
001205
001133
003512
006164
001567
006439
006123
000698
003249
000760
000413
001250
008723
000423
007695
004336
000081
005711
000018
005655
001085
000981
007214
003060
001078
003930
000869
002731
004709
007626
006066
002556
005860
001836
004227
006451
009202
001429
006045
002912
000807
005542
000033
005280
006824
007744
000692
008638
004246
005402
007193
001236
002794
007402
000270
005154
001921
000057
000103
007025
001362
000794
000729
006967
001043
001252
004983
008726
000355
006075
000896
004535
005812
003781
000130
006777
008076
006013
008715
000988
005758
005290
004945
000451
006056
003699
009029
008346
004879
002537
002926
002715
006334
000510
000364
000063
004985
001631
000664
005653
006469
003308
007794
006021
003066
005247
000775
004067
008078
007174
004993
004714
004065
001160
000508
008401
008896
008964
000191
000254
005522
009086
001126
004451
008976
006613
008074
005281
006088
000195
001859
004721
001409
001030
004406
006874
001412
000831
000222
006918
005002
005647
002984
000907
008548
001482
001120
000260
006306
000924
002695
005854
003917
000034
001283
000449
007882
006904
008955
001378
001066
006629
005928
004155
001318
006475
003038
000061
007669
001620
001084
000213
000003
003003
005642
001691
005636
001945
006026
004188
000216
001225
003811
005520
000020
005512
005902
008534
003207
008150
002506
000007
000750
000343
001316
003729
005913
002100
000046
000509
000479
002700
001907
000490
001563
005320
006778
005607
007719
000040
007638
000059
006934
003193
006448
007662
005050
000721
000187
001227
000041
002108
005828
001171
000313
001383
005793
002596
001004
001752
000895
001332
000141
008284
004297
003256
002598
005527
001666
002337
002520
005872
003001
005315
000013
002842
000927
000048
000478
003523
004247
005998
004439
001684
000091
000065
001226
008724
005643
007115
006355
002542
001190
000965
003397
004043
005905
008861
000575
009232
005254
001867
005299
006470
002546
001063
001319
002671
007195
005903
002404
008488
005858
001290
001123
005105
002582
008663
007731
002303
000564
001761
000283
000001
000995
002525
008725
003286
007992
008648
001041
008931
008789
008906
008636
003939
009297
000305
000406
008403
000685
000339
006030
000572
009234
004801
000403
000178
002593
002331
003774
000855
002459
009114
002976
000115
000534
000239
008147
006471
005377
008242
001508
000722
000399
002895
004995
005294
001392
005331
004682
006902
007618
003595
000902
000946
003034
003357
006453
001065
000663
000402
004668
006789
002189
008645
005684
001353
000190
006220
004153
007005
002541
003188
000379
003622
003026
000273
005839
008969
002335
008750
002352
004902
008239
007099
000942
002191
000782
005303
000377
008740
004037
005362
002202
004394
008088
005650
008266
008290
000539
001229
008679
000504
008413
001069
001166
000455
001871
000546
003396
002106
007126
007399
006890
007706
003393
002383
006060
000329
003081
001248
008320
000660
004277
000684
004807
001939
001690
000311
009284
004549
000919
007239
005117
001768
004405
000073
008033
002913
000529
008254
006936
000450
003080
000172
000614
000893
001479
005779
001621
001185
000917
009077
003430
006445
001178
002460
000362
005848
005391
003063
005990
001193
006303
003092
001214
006460
000647
004189
000180
002825
007747
002713
005605
000972
004052
001191
001110
005661
001051
008321
006304
004199
000098
007559
006873
004475
008158
001215
006223
000124
008370
003750
001175
007726
000559
004712
008317
000816
001295
000039
002426
002696
002666
008270
007751
003969
000088
001326
004368
008769
006109
000474
005333
000577
006044
000866
003915
001664
000383
008400
000856
001633
000290
008732
001139
005789
001860
000253
000584
000697
008982
000307
004666
008091
001174
000197
001297
001213
000774
004152
004165
003509
005853
002290
001350
000984
005240
000955
006619
001117
008974
008869
003158
008778
006917
004510
008551
007424
001916
008940
002132
006022
000699
006975
002601
001673
003555
000487
004574
000370
000495
000910
001487
007686
008867
002806
003958
003051
006414
007019
002600
004229
006169
007414
004366
000436
004205
000926
007773
002384
006903
000502
001564
001092
004191
009253
004053
000447
004220
007664
002668
008699
001164
003968
003252
007366
006314
007660
006907
007437
003474
004211
000044
006781
007388
000256
008984
004390
005118
000640
005958
000407
004409
008722
004781
002096
005107
001299
000789
001500
004936
000416
000154
001228
003351
000386
008623
004265
007413
000802
009181
001344
003769
006604
000985
007417
002206
008450
001361
008312
007444
002508
004365
001315
009255
002882
007138
002379
006058
007140
009129
000148
006168
005975
000480
004816
000520
002364
002472
002329
006627
001652
001064
001093
009304
007238
000530
001003
008637
000771
002889
002880
001285
006203
006214
007240
000523
006094
001656
008479
005900
003052
009245
006331
005693
007767
008783
000198
006415
002401
007040
001857
005813
001694
001313
000381
001073
000317
001107
008990
006256
008478
000208
004258
001458
004363
001676
006296
007484
004404
006310
002091
003667
003433
001019
004408
001498
001635
003621
005948
001728
008291
002653
000743
005870
001334
000037
000024
008227
004876
006441
002505
000075
007788
006205
002533
003511
008734
004664
006207
002374
003779
000102
009076
001434
004436
000778
000327
007141
006900
002198
000618
004173
007182
002205
000220
007520
005947
000274
003472
000759
006206
003132
000841
004219
000454
005287
000570
001046
008930
003487
001566
000022
004240
002305
003025
008760
000610
006680
004718
001264
001033
006301
008301
001858
007338
003484
000585
004906
002456
001485
008810
000445
001364
002684
000240
000944
006006
006825
003605
008885
007625
007565
006461
001144
008393
000557
007685
008721
008991
006793
006682
000328
005330
006442
001681
005833
008432
004532
006891
008348
005849
006960
001005
009110
005639
001887
004200
004142
006356
006622
003129
000430
009109
005286
000976
001377
004472
008967
007390
007496
002110
001521
001138
009263
000879
007391
006072
004502
007425
004249
008177
000174
000265
006434
002947
002014
004036
003603
009164
005885
000803
004485
004779
007661
006443
003666
005640
000477
004784
000799
006210
005285
002377
000250
004771
001243
005546
001343
006108
008371
005323
001600
000784
000396
000318
000060
001710
003352
000294
001793
000410
002368
002539
000503
009085
004228
005689
007086
008318
002977
007533
001235
006199
000107
004694
000199
006866
001394
000682
004261
008935
005845
009282
007241
005694
006617
000389
002185
008975
004272
002884
001223
005713
004990
001029
002583
000528
001510
001661
000238
008240
000973
000301
000947
000268
000095
001294
001453
000735
008484
000058
000691
006042
007855
008973
007534
006280
004494
006125
000380
002416
006071
000993
000025
006201
007995
007713
000047
007536
001327
000169
005862
003700
003578
002730
000950
005856
006037
003838
001638
001202
006292
006790
004039
000531
000982
008700
004812
001689
002327
000706
000171
001706
006912
006875
008257
009278
000400
001040
005497
002543
005884
001176
000645
000690
002326
001683
000742
001173
004720
006883
000858
003485
003276
006612
007092
008965
008289
007419
005827
000136
005541
000878
006122
002584
006456
007549
002805
005297
000087
007540
001055
006459
003947
005777
008492
007094
008785
001049
005668
008574
004717
004175
000132
007416
002421
006623
004506
002314
007734
008979
001245
007755
001885
004881
006315
003894
003488
003439
008081
004796
004066
003916
002727
001314
008642
000035
000968
000971
001411
002334
001347
005332
005646
005989
006238
000214
002350
008261
002477
000945
000382
001317
008835
000999
003021
006330
002080
006609
008092
000579
000790
005829
004916
006225
008708
006076
007132
003943
004193
003149
004520
006015
007370
008161
000055
004462
001481
000266
003414
004380
005108
002181
001062
001755
008550
000123
006069
002174
003002
008354
005943
006868
003633
001125
006363
002155
001337
005537
005871
003195
005686
001275
002507
004160
001627
001767
001448
005594
008801
002662
006432
000360
005604
008631
008956
005361
000435
006911
009071
000016
000267
002385
006023
002536
008817
008499
002877
000954
005239
001221
005423
000359
002131
000261
006057
000228
000497
001006
009330
005940
005524
000120
005931
000686
000680
004907
006476
000809
005666
002332
002535
000997
006100
003208
001287
000390
000859
007273
000715
000545
001070
004194
007774
008402
000105
001642
007347
005513
003448
006630
000683
004545
000126
008248
008934
007418
003266
002101
007145
002129
004862
008440
001846
008509
008118
008757
008209
001130
002973
003187
002670
002386
003264
006686
008601
006095
002435
008856
008583
006048
000712
004354
008184
001873
002204
000163
005658
002089
000694
000372
006020
002461
006869
001650
000308
006905
005496
000092
002818
008607
005601
000648
002328
002425
001103
003668
008455
004727
000031
000312
000438
005841
006899
009331
001179
001686
006606
000049
005797
006239
000257
007707
002686
008388
005732
000224
000825
001305
007997
000465
008314
002387
006096
006317
002558
000369
002920
000569
006962
000232
007929
000779
007617
002886
005408
000710
005328
003079
007495
006871
001045
007790
000086
007026
009125
006867
007023
000875
001075
000922
003767
002183
001685
001865
006896
004479
004962
001067
000868
000723
000085
005909
002595
005910
004989
001031
001105
005121
000702
001009
000167
008404
000404
006204
009274
000832
003274
001012
007792
000853
008579
000482
000051
006644
007443
004982
000302
000488
008003
002564
000665
005817
002199
002348
001363
005695
007334
002302
000066
000688
000012
004512
004937
001192
001843
005645
008900
004940
006882
008560
004782
005891
006127
004800
008241
001663
004166
002560
002562
002856
000724
000090
003948
000139
006473
000076
003190
005092
002367
001048
000045
001639
000943
000681
002890
001308
008559
002885
002585
009103
006437
008765
008702
000084
004544
004935
001271
003220
003906
002457
002557
004814
008966
002667
001640
006895
006029
007993
004999
003073
004289
000867
003514
000405
000705
001637
002099
004179
000074
006194
000299
000009
004332
006197
007548
000994
002412
003091
006698
005401
002157
000385
002375
007030
001876
009237
002734
003189
001121
001655
007008
005890
004055
004198
002184
001750
000969
001578
005545
006452
009128
003383
006316
009102
007943
005654
007709
000023
002854
001574
006241
002957
004048
005235
007519
008886
005291
000623
005674
000387
000739
001156
000820
002372
000506